DATA: 4410 x 15
Ep!
Feature 0
-0.286342	rho[0][11]
0.25574	rho[0][10]
-0.254977	rho[0][3]
0.242183	rho[0][2]
0.219087	rho[0][12]
-0.210074	rho[0][9]
-0.207933	rho[0][1]
-0.170434	rho[0][13]
0.153493	rho[0][4]
-0.118486	rho[0][5]
0.079037	rho[0][8]
0.0661733	rho[0][6]
0.0609225	rho[0][7]
-0.00295596	rho[0][14]

Feature 1
-0.832476	rho[1][2]
0.799349	rho[1][3]
-0.596704	rho[1][4]
0.512648	rho[1][11]
0.503584	rho[1][5]
0.477578	rho[1][13]
-0.346629	rho[1][12]
0.296116	rho[1][9]
-0.227846	rho[1][10]
-0.207933	rho[1][0]
0.125309	rho[1][7]
-0.0961464	rho[1][6]
0.0911863	rho[1][14]
0.0416665	rho[1][8]

Feature 2
-0.872597	rho[2][3]
-0.832476	rho[2][1]
0.811793	rho[2][4]
-0.617949	rho[2][5]
0.399286	rho[2][12]
-0.395643	rho[2][13]
-0.392519	rho[2][11]
0.246501	rho[2][6]
0.242183	rho[2][0]
0.192624	rho[2][10]
-0.154755	rho[2][9]
-0.137817	rho[2][7]
-0.0333922	rho[2][8]
-0.0177957	rho[2][14]

Feature 3
-0.872597	rho[3][2]
-0.870434	rho[3][4]
0.799349	rho[3][1]
0.773108	rho[3][5]
0.408108	rho[3][13]
-0.405231	rho[3][6]
0.400856	rho[3][11]
-0.309235	rho[3][12]
-0.254977	rho[3][0]
0.241238	rho[3][7]
0.13359	rho[3][9]
-0.0947429	rho[3][10]
0.0167367	rho[3][8]
0.0163582	rho[3][14]

Feature 4
-0.895061	rho[4][5]
-0.870434	rho[4][3]
0.811793	rho[4][2]
0.625408	rho[4][6]
-0.596704	rho[4][1]
-0.404342	rho[4][7]
-0.232075	rho[4][13]
0.211427	rho[4][12]
-0.169778	rho[4][11]
0.153493	rho[4][0]
0.119122	rho[4][8]
-0.0472925	rho[4][9]
0.0135539	rho[4][10]
0.00121441	rho[4][14]

Feature 5
-0.895061	rho[5][4]
-0.808068	rho[5][6]
0.773108	rho[5][3]
0.631923	rho[5][7]
-0.617949	rho[5][2]
0.503584	rho[5][1]
-0.298506	rho[5][8]
0.138032	rho[5][9]
0.12049	rho[5][13]
-0.118486	rho[5][0]
0.0972253	rho[5][14]
0.0644139	rho[5][11]
0.0643719	rho[5][10]
-0.0138529	rho[5][12]

Feature 6
-0.836704	rho[6][7]
-0.808068	rho[6][5]
0.625408	rho[6][4]
0.600058	rho[6][8]
-0.405231	rho[6][3]
0.246501	rho[6][2]
-0.205892	rho[6][12]
-0.195391	rho[6][9]
0.173948	rho[6][11]
0.171681	rho[6][13]
-0.100364	rho[6][14]
-0.0961464	rho[6][1]
-0.0855344	rho[6][10]
0.0661733	rho[6][0]

Feature 7
-0.836704	rho[7][6]
-0.789215	rho[7][8]
0.631923	rho[7][5]
0.461392	rho[7][9]
-0.404342	rho[7][4]
0.241238	rho[7][3]
0.227928	rho[7][12]
0.188265	rho[7][14]
-0.153831	rho[7][13]
-0.137817	rho[7][2]
0.125309	rho[7][1]
-0.0913216	rho[7][11]
-0.0686368	rho[7][10]
0.0609225	rho[7][0]

Feature 8
-0.789215	rho[8][7]
-0.719504	rho[8][9]
0.600058	rho[8][6]
0.419579	rho[8][10]
-0.298506	rho[8][5]
0.1693	rho[8][13]
0.119122	rho[8][4]
-0.102951	rho[8][14]
-0.102567	rho[8][12]
0.079037	rho[8][0]
0.0416665	rho[8][1]
-0.0333922	rho[8][2]
-0.0323999	rho[8][11]
0.0167367	rho[8][3]

Feature 9
-0.782647	rho[9][10]
-0.719504	rho[9][8]
0.555705	rho[9][11]
0.461392	rho[9][7]
0.296116	rho[9][1]
-0.246932	rho[9][12]
-0.210074	rho[9][0]
-0.195391	rho[9][6]
0.192162	rho[9][13]
-0.154755	rho[9][2]
0.138032	rho[9][5]
0.13359	rho[9][3]
0.0957075	rho[9][14]
-0.0472925	rho[9][4]

Feature 10
-0.782647	rho[10][9]
-0.759606	rho[10][11]
0.620176	rho[10][12]
0.419579	rho[10][8]
-0.38321	rho[10][13]
0.25574	rho[10][0]
-0.227846	rho[10][1]
0.192624	rho[10][2]
0.121081	rho[10][14]
-0.0947429	rho[10][3]
-0.0855344	rho[10][6]
-0.0686368	rho[10][7]
0.0643719	rho[10][5]
0.0135539	rho[10][4]

Feature 11
-0.797062	rho[11][12]
-0.759606	rho[11][10]
0.739988	rho[11][13]
0.555705	rho[11][9]
0.512648	rho[11][1]
0.400856	rho[11][3]
-0.392519	rho[11][2]
-0.286342	rho[11][0]
-0.189219	rho[11][14]
0.173948	rho[11][6]
-0.169778	rho[11][4]
-0.0913216	rho[11][7]
0.0644139	rho[11][5]
-0.0323999	rho[11][8]

Feature 12
-0.798442	rho[12][13]
-0.797062	rho[12][11]
0.620176	rho[12][10]
0.487463	rho[12][14]
0.399286	rho[12][2]
-0.346629	rho[12][1]
-0.309235	rho[12][3]
-0.246932	rho[12][9]
0.227928	rho[12][7]
0.219087	rho[12][0]
0.211427	rho[12][4]
-0.205892	rho[12][6]
-0.102567	rho[12][8]
-0.0138529	rho[12][5]

Feature 13
-0.798442	rho[13][12]
0.739988	rho[13][11]
-0.479028	rho[13][14]
0.477578	rho[13][1]
0.408108	rho[13][3]
-0.395643	rho[13][2]
-0.38321	rho[13][10]
-0.232075	rho[13][4]
0.192162	rho[13][9]
0.171681	rho[13][6]
-0.170434	rho[13][0]
0.1693	rho[13][8]
-0.153831	rho[13][7]
0.12049	rho[13][5]

Feature 14
0.487463	rho[14][12]
-0.479028	rho[14][13]
-0.189219	rho[14][11]
0.188265	rho[14][7]
0.121081	rho[14][10]
-0.102951	rho[14][8]
-0.100364	rho[14][6]
0.0972253	rho[14][5]
0.0957075	rho[14][9]
0.0911863	rho[14][1]
-0.0177957	rho[14][2]
0.0163582	rho[14][3]
-0.00295596	rho[14][0]
0.00121441	rho[14][4]

